0.312243	0.58034	0.540302	0.841471	0.287757	0.0196602	4.65963	0.841471
0.61841	0.659559	2.69294	4.37393	0.265677	0.0443198	3.74141	3.1483
1.0489	0.584625	5.18927	-0.440632	0.220772	0.0372909	3.05485	2.58345
1.22739	0.507382	5.9915	-0.603182	0.20585	0.056716	2.67509	2.25829
1.56584	0.539838	6.1467	0.287282	0.187073	0.0577065	2.42997	2.02346
1.80141	0.552189	5.70116	0.453506	0.175436	0.0565366	2.22775	1.85535
2.11595	0.60077	5.85578	0.817123	0.163262	0.0523577	2.07748	1.7428
2.32409	0.654013	5.29971	1.22531	0.156402	0.0518017	1.94366	1.68235
2.60489	0.693099	5.47332	1.12722	0.14953	0.056287	1.83485	1.6252
2.88619	0.660239	5.57575	0.207405	0.142838	0.0554669	1.74489	1.54232
3.10952	0.65445	5.29113	-0.000290172	0.138819	0.0540609	1.66396	1.47085
3.41209	0.515592	5.61186	-1.76466	0.133576	0.0602891	1.59778	1.50948
3.7376	0.364713	5.64483	-3.08711	0.128454	0.0934525	1.54033	1.70416
4.03162	0.532798	4.99348	-0.336208	0.124637	0.0942365	1.48518	1.64757
4.27783	0.539494	4.93707	-0.00800355	0.120886	0.0950626	1.43622	1.59251
4.52847	0.611558	5.27971	0.898778	0.117339	0.0926972	1.39084	1.55141
4.62048	0.826501	3.67785	2.56887	0.118377	0.0979046	1.3974	1.60736
4.90747	0.77442	4.62153	1.46668	0.117708	0.0977248	1.36423	1.58722
5.23743	0.733905	5.07876	0.477033	0.114838	0.0955528	1.328	1.5454
5.48719	0.71713	5.78022	-0.0169731	0.112342	0.0931458	1.30169	1.50836
5.83743	0.70605	6.33146	-0.330892	0.110158	0.091028	1.29581	1.48
6.09008	0.506216	5.36532	-2.30479	0.108031	0.102757	1.26682	1.55749
6.35427	0.772816	5.00214	0.728226	0.10618	0.100501	1.23935	1.52438
6.60525	0.820551	5.27868	1.10389	0.104334	0.0985511	1.21358	1.49756
6.83076	0.767356	5.17056	0.28876	0.102257	0.0970895	1.18908	1.4681
7.09295	0.704491	5.12753	-0.490334	0.100336	0.0991435	1.16599	1.45462
7.26415	0.876981	4.54346	1.12094	0.0992947	0.0972907	1.14953	1.43071
7.58323	0.872723	5.78486	0.765622	0.0975076	0.0957627	1.13601	1.40506
7.83559	0.771249	5.55103	-0.635414	0.0958191	0.099289	1.11939	1.40312
8.10806	0.784848	5.30031	-0.469404	0.094231	0.103842	1.10125	1.39774
8.31364	0.820012	4.99684	0.00315664	0.0929419	0.108174	1.08344	1.38268
8.56735	1.04083	5.29447	2.35885	0.0917164	0.106525	1.06715	1.38628
8.79585	1.08713	5.18141	2.25535	0.0909567	0.104943	1.0511	1.38479
9.13583	1.13917	5.51263	1.89654	0.0897177	0.103412	1.03872	1.37341
9.35465	1.10655	5.11187	0.847603	0.0884348	0.103199	1.02388	1.354
9.65133	1.25682	5.49367	1.87069	0.0874372	0.101756	1.01282	1.34141
9.93949	1.40667	5.58951	2.63173	0.0871703	0.101592	1.0039	1.34546
10.1982	1.58496	4.90028	3.28795	0.0871548	0.106132	0.990672	1.36983
10.3867	1.55037	4.57118	1.86868	0.0861377	0.10646	0.979779	1.35554
10.6328	1.65042	4.74266	1.98631	0.0851524	0.107876	0.967908	1.34247
10.8332	1.54072	4.41879	0.3222	0.0841644	0.106623	0.959079	1.33658
11.128	1.52962	5.59455	-0.257474	0.0832863	0.106641	0.953908	1.34697
11.4374	1.57872	6.01328	0.101914	0.0835979	0.10733	0.95903	1.34887
11.6732	1.56654	5.54516	-0.228783	0.0837293	0.111319	0.954126	1.36152
11.8643	1.71059	4.99866	0.963321	0.083	0.112657	0.943906	1.35035
12.123	1.84545	5.39047	2.00985	0.0825411	0.11262	0.937975	1.33621
12.3626	1.82484	5.42626	1.18379	0.0821221	0.115944	0.933248	1.325
12.6224	1.86045	5.72264	1.05406	0.0821401	0.121464	0.934912	1.31645
12.761	2.14113	4.53891	2.99793	0.0813197	0.120921	0.925538	1.3116
13.0329	2.35306	5.17986	4.24404	0.0805829	0.119745	0.919381	1.33607
13.2124	2.46397	4.78555	3.64519	0.0798747	0.118639	0.910674	1.34072
13.3395	2.77322	3.80507	5.19022	0.0810912	0.121846	0.908021	1.39254
13.6833	2.6718	4.64611	2.31667	0.0803402	0.120727	0.899569	1.37938
13.9013	2.78476	4.86964	2.2595	0.0796369	0.119636	0.892765	1.36657
14.1422	2.91746	5.08809	2.35278	0.0789099	0.118641	0.888964	1.3541
14.4091	2.99608	5.46903	1.9332	0.0784282	0.117581	0.892718	1.3438
14.6071	2.96427	5.11014	0.619879	0.0778029	0.118546	0.890698	1.35593
14.8352	3.15992	5.12963	1.86945	0.0772763	0.118206	0.889839	1.34772
15.0135	3.44289	4.13825	3.43775	0.0766188	0.117407	0.882361	1.33982
15.2309	3.67392	4.10936	4.44004	0.0759848	0.117988	0.875028	1.34614
15.4518	3.82777	4.26093	4.12787	0.0754082	0.118842	0.867998	1.34524
15.6759	3.93162	4.49515	3.39664	0.0749733	0.118894	0.862687	1.33576
15.9134	4.01174	4.69041	2.61566	0.0749878	0.118147	0.86015	1.32595
16.1336	4.14032	4.42919	2.3917	0.0753884	0.117287	0.855569	1.31822
16.3075	4.39797	4.10045	3.50328	0.0753919	0.117569	0.849414	1.30883
16.5335	4.55236	4.4437	3.54844	0.0760198	0.117766	0.846559	1.29954
16.6879	4.70169	4.20754	3.34901	0.0760041	0.117751	0.842157	1.28983
16.8564	4.89046	3.60015	3.44376	0.0757711	0.118099	0.835983	1.28035
16.9763	5.17374	3.03814	4.47048	0.0752213	0.121131	0.832598	1.27721
17.1678	5.29004	3.60815	3.85117	0.0746917	0.122522	0.826699	1.26875
17.3122	5.45059	3.54903	3.56443	0.0742005	0.12351	0.82096	1.25978
17.4953	5.51976	3.76063	2.69487	0.0736875	0.122915	0.816611	1.25595
17.6981	5.61823	4.10552	2.28414	0.0732661	0.122086	0.816784	1.25839
17.8763	5.75683	3.85643	2.20981	0.0729705	0.121496	0.814921	1.26303
18.0283	6.07451	3.32954	3.82408	0.072638	0.120894	0.809886	1.25458
18.1824	6.3108	3.21889	4.59654	0.0723203	0.120692	0.804879	1.24882
18.2448	6.642	2.17816	5.63582	0.0720239	0.122952	0.804142	1.25517
18.3717	6.91186	2.40297	5.98628	0.0718944	0.127058	0.800439	1.26664
18.5621	6.86359	2.49833	3.23327	0.0714466	0.126416	0.795805	1.26227
18.707	7.08689	3.16515	4.09466	0.0709987	0.125899	0.793006	1.25437
18.9629	7.16494	4.08648	2.9723	0.0719568	0.125276	0.806636	1.25408
19.0681	7.29575	3.33052	2.48522	0.0724997	0.125426	0.807743	1.26168
19.0554	7.76362	1.2869	4.57394	0.0721111	0.125322	0.811055	1.25439
19.2014	7.92936	2.54438	4.67778	0.0716853	0.124778	0.806945	1.24739
19.2532	8.15961	2.3034	4.58247	0.0714649	0.124318	0.802424	1.24017
19.3413	8.36272	2.50723	4.64016	0.0713918	0.12375	0.799515	1.2331
19.4573	8.40206	2.73037	3.14918	0.071158	0.123786	0.799831	1.23449
19.5877	8.53466	2.88195	2.81185	0.0707591	0.125301	0.803718	1.2412
19.7735	8.76838	3.43634	3.42695	0.0710053	0.126654	0.820626	1.24023
19.8692	8.96349	2.65419	3.3	0.071466	0.128664	0.824115	1.24108
19.973	9.31157	2.14103	4.82267	0.0724311	0.128713	0.822797	1.23438
20.0067	9.55817	1.3784	5.07661	0.0727495	0.12862	0.818329	1.22835
20.0589	9.84435	1.04608	5.48146	0.0729071	0.128123	0.814095	1.22436
20.0565	10.2296	0.638777	7.05432	0.0725686	0.127711	0.811088	1.24112
20.1243	10.4746	0.95928	6.28837	0.0723177	0.12736	0.806809	1.24453
20.0968	10.7837	0.191941	6.25775	0.0720066	0.12773	0.805365	1.24723
20.2143	10.9588	0.796298	5.21073	0.0718002	0.127434	0.801238	1.24151
20.1832	11.3127	0.237101	6.24747	0.0714516	0.12852	0.797972	1.2437
20.3003	11.4097	1.16197	4.66954	0.0714793	0.128035	0.796948	1.23749
20.2303	11.6633	0.227002	4.45306	0.0711398	0.127627	0.793044	1.23185
20.3719	11.8086	1.02695	3.89789	0.0716444	0.127008	0.793178	1.22924
20.3904	12.0172	1.25034	4.52264	0.0723036	0.126489	0.797549	1.22358
20.3136	12.4146	-0.0575825	5.81566	0.0720789	0.126288	0.793671	1.2215
20.2523	12.6742	-0.694595	5.61315	0.0717428	0.126248	0.791574	1.21807
20.3285	12.8298	-0.133274	4.55647	0.0717694	0.125695	0.787943	1.21252
20.3584	13.0004	0.153248	4.24501	0.072408	0.125143	0.786173	1.20801
20.294	13.2182	-0.0563364	4.32783	0.0725008	0.124673	0.783918	1.20318
20.2603	13.4362	-0.105306	4.62214	0.0725595	0.124314	0.782191	1.19768
20.2039	13.7728	-0.653904	5.44358	0.0724463	0.12376	0.778721	1.19403
20.1557	13.9938	-0.851616	4.96396	0.0723003	0.123197	0.775208	1.18881
20.0705	14.2841	-1.30754	5.30184	0.0719951	0.122777	0.77208	1.18484
19.9826	14.5299	-1.42607	5.36118	0.0716844	0.122419	0.768974	1.18138
19.849	14.8097	-1.82605	5.51426	0.071813	0.122398	0.76712	1.1791
19.79	15.0025	-1.42029	4.98233	0.0718459	0.122104	0.763749	1.17449
19.84	15.1297	-0.755732	3.99699	0.0716803	0.121584	0.764072	1.1705
19.8069	15.2488	-0.690469	2.35516	0.0719369	0.121624	0.766287	1.18237
19.7597	15.4228	-1.02592	2.71242	0.0727371	0.122192	0.766361	1.18826
19.7467	15.5226	-0.592828	2.98291	0.0751301	0.12472	0.772849	1.1904
19.5245	15.934	-2.27583	4.98417	0.0753066	0.124568	0.769896	1.18683
19.4057	16.1528	-2.22077	4.95022	0.0753471	0.124398	0.766702	1.18342
19.299	16.3349	-2.03519	4.55384	0.0754243	0.124472	0.763841	1.17889
19.1965	16.5193	-2.14087	3.92633	0.0756404	0.124786	0.76104	1.17424
18.9985	16.7939	-3.04073	4.38174	0.0753603	0.124544	0.759483	1.16975
18.8182	17.04	-3.73996	4.31372	0.0751025	0.124113	0.763122	1.16531
18.5753	17.3139	-4.5608	4.41333	0.0758258	0.12364	0.777591	1.16137
18.4576	17.505	-2.96767	4.15989	0.0762477	0.123165	0.774592	1.15703
18.28	17.6896	-2.7107	4.10854	0.0771192	0.122687	0.771802	1.1528
18.1744	17.825	-2.34025	3.387	0.0773977	0.12225	0.771279	1.14866
18.1038	17.9708	-1.94485	3.20407	0.0771237	0.121952	0.775494	1.14481
18.0137	18.0497	-1.50782	1.94306	0.0769352	0.122446	0.787337	1.14898
17.8861	18.177	-1.93929	2.14261	0.0769874	0.123516	0.793797	1.15029
17.864	18.2546	-1.46443	1.81101	0.0792786	0.126067	0.809124	1.15383
17.4928	18.6394	-3.79579	4.17933	0.0790329	0.125867	0.806421	1.15221
17.3265	18.7667	-3.76465	3.26293	0.0788353	0.125894	0.803514	1.14793
17.1655	18.8913	-3.64476	2.86758	0.0787559	0.126188	0.800546	1.14381
17	19.0566	-3.52288	2.94428	0.0788342	0.126348	0.797907	1.13959
16.7477	19.2156	-3.94156	3.11904	0.0785813	0.126399	0.795018	1.13564
16.5213	19.4027	-4.57737	3.08504	0.0782968	0.126157	0.793986	1.13185
16.2396	19.5966	-5.16905	3.12881	0.07836	0.125725	0.797154	1.1285
16.0326	19.6669	-4.55464	2.45464	0.0784582	0.125493	0.795284	1.12449
15.8493	19.7889	-4.39092	2.15049	0.078391	0.125278	0.792705	1.12074
15.6984	19.8659	-3.44621	1.86192	0.0781188	0.125325	0.792586	1.11746
15.4144	20.0901	-4.29125	2.85735	0.0781408	0.124898	0.78981	1.11487
15.1705	20.2498	-4.90671	2.53482	0.0784005	0.124491	0.788458	1.1116
15.0728	20.3177	-3.79324	1.82581	0.0781355	0.124061	0.787352	1.10783
14.8605	20.3885	-4.06904	1.59197	0.0778861	0.123657	0.785299	1.10425
14.6277	20.5209	-4.4503	1.6688	0.0776266	0.123242	0.782636	1.10051
14.3688	20.6263	-4.98006	1.64316	0.0773831	0.12286	0.780782	1.09678
14.1189	20.6912	-5.043	1.2946	0.0772006	0.122461	0.779021	1.09323
13.8744	20.7693	-4.96741	1.21894	0.0770785	0.122074	0.776892	1.08966
13.5699	20.8453	-5.42654	1.22032	0.0775239	0.121709	0.776736	1.08606
13.3428	20.8658	-5.20003	0.639542	0.077883	0.121308	0.775205	1.08324
13.1221	20.8767	-4.94413	0.211022	0.0780908	0.120964	0.772845	1.08167
12.9318	20.9092	-4.26699	0.136306	0.0779755	0.120667	0.771385	1.0799
12.7874	20.9417	-3.82585	-0.10721	0.0777797	0.120405	0.772798	1.07874
12.5251	20.9866	-4.60213	0.0608804	0.0775388	0.120115	0.770503	1.07633
12.223	21.0799	-5.18936	0.64794	0.0773803	0.119732	0.768574	1.07293
12.0101	21.0794	-5.17067	-0.0549949	0.0771475	0.119363	0.766568	1.07017
11.7576	21.0363	-5.12489	-0.413107	0.0769352	0.119159	0.764442	1.06824
11.5175	21.0083	-4.79444	-0.495941	0.0767185	0.119164	0.762073	1.06618
11.3223	21.009	-4.50386	-0.671374	0.0765035	0.119199	0.760269	1.06436
11.0592	20.9571	-4.79654	-0.883522	0.0762679	0.119628	0.757947	1.06296
10.8724	20.9206	-4.42173	-1.19039	0.0761879	0.12034	0.756473	1.06255
10.5692	20.9325	-4.82311	-0.542277	0.0759555	0.120798	0.754175	1.05945
10.1793	21.0901	-5.78621	1.28165	0.076546	0.120432	0.755236	1.06466
9.95936	21.0417	-5.5459	-0.464516	0.0768829	0.120088	0.754806	1.06147
9.90955	20.9752	-3.52753	-0.561489	0.07686	0.11983	0.759527	1.05832
9.68879	20.9483	-4.07467	-0.849894	0.0769775	0.119547	0.759577	1.05517
9.52494	20.9007	-3.78787	-1.18226	0.0778861	0.119282	0.761534	1.05227
9.35568	20.8406	-3.94696	-1.80022	0.0798782	0.11906	0.762165	1.05091
8.84301	20.8806	-6.32591	-0.0891956	0.0796749	0.118722	0.768971	1.05082
8.65693	20.7776	-5.33072	-1.24633	0.0794637	0.118389	0.76794	1.04776
8.29592	20.6903	-6.1856	-1.37783	0.079595	0.118097	0.773553	1.04473
8.02098	20.6233	-5.89411	-1.44858	0.0800558	0.117801	0.776499	1.04173
7.86556	20.5145	-4.79327	-1.9182	0.0799507	0.117604	0.774321	1.0391
7.68393	20.4282	-4.51804	-2.39403	0.0797251	0.11743	0.772185	1.03758
7.24754	20.3937	-6.06481	-1.84678	0.0810787	0.117119	0.777624	1.03466
6.9694	20.2991	-5.90975	-1.98543	0.0831657	0.116817	0.781773	1.03179
6.7872	20.1917	-4.96191	-2.28385	0.0844614	0.116538	0.780201	1.02916
6.58027	20.092	-4.59513	-2.40532	0.0854666	0.116258	0.778058	1.0266
6.3771	19.9957	-4.31648	-2.58248	0.0862002	0.115963	0.775987	1.02421
6.21514	19.8953	-3.94306	-2.85807	0.0863716	0.115657	0.77468	1.02234
5.89454	19.8173	-4.82349	-2.6686	0.0875718	0.115345	0.773248	1.0198
5.62583	19.6691	-5.2101	-3.07178	0.0894839	0.115036	0.773823	1.01805
5.60979	19.5063	-3.10278	-3.35812	0.0893693	0.114786	0.776659	1.01707
5.50955	19.3179	-2.3956	-3.65953	0.0891985	0.114764	0.786331	1.01713
5.20058	19.2678	-3.44224	-3.00618	0.0890348	0.114474	0.786155	1.01463
5.12303	19.1356	-2.73348	-3.33026	0.0889932	0.11418	0.790791	1.01267
4.91598	19.0026	-3.15524	-3.4366	0.0889465	0.113881	0.791649	1.01079
4.67446	18.8535	-4.03748	-3.56819	0.0887632	0.113586	0.789563	1.00908
4.4529	18.758	-4.27941	-3.19853	0.0885431	0.113324	0.787772	1.00649
4.30274	18.5937	-3.81887	-3.35131	0.0884508	0.113048	0.785764	1.00401
4.22476	18.449	-2.82117	-3.35917	0.0892316	0.112795	0.787443	1.00148
3.99139	18.305	-3.93957	-4.10202	0.0896108	0.112584	0.785451	1.00069
3.54281	18.1927	-6.04781	-2.6665	0.0897482	0.112582	0.800186	0.999278
3.38382	18.0271	-5.0156	-3.15846	0.089725	0.112593	0.803507	0.996883
3.1293	17.8551	-5.14754	-3.17174	0.0901774	0.112605	0.808421	0.994582
2.83853	17.6889	-5.72957	-3.94434	0.0918901	0.112665	0.820377	0.992486
2.84448	17.5717	-3.26704	-3.70569	0.0918323	0.113144	0.818559	0.990017
2.73556	17.3482	-2.70118	-4.5831	0.0916067	0.113314	0.818429	0.98968
2.57008	17.1257	-2.50182	-4.94496	0.0913791	0.113275	0.819051	0.990973
2.4864	16.9327	-1.61154	-4.20399	0.0913346	0.113211	0.826448	0.988967
2.28533	16.7816	-2.21051	-4.05813	0.0911726	0.113352	0.828108	0.986651
2.09947	16.5501	-2.72921	-4.11567	0.0909689	0.113292	0.826937	0.984357
1.93425	16.2945	-2.9718	-4.6498	0.0907622	0.113051	0.825088	0.983196
1.78073	16.1162	-3.01744	-4.2976	0.0905652	0.112855	0.82314	0.981037
1.47298	16.0005	-4.31438	-3.58037	0.0907416	0.113036	0.825467	0.979189
1.35043	15.7511	-3.67991	-4.77137	0.0907413	0.112974	0.824651	0.97798
1.17756	15.5074	-3.47275	-4.98844	0.0908587	0.112783	0.823348	0.977427
0.98633	15.3138	-3.46812	-4.54603	0.0912766	0.112633	0.822198	0.975429
0.744537	15.0869	-4.03953	-4.63372	0.0926972	0.112437	0.824089	0.973533
0.631982	14.9091	-3.28569	-4.38142	0.0937226	0.112351	0.822732	0.97127
0.678733	14.7152	-1.53725	-4.0362	0.0935323	0.11235	0.825208	0.969154
0.598269	14.4666	-1.37275	-5.01457	0.0933264	0.112218	0.828486	0.967999
0.325551	14.2307	-2.90601	-4.86494	0.0934383	0.112035	0.826701	0.966331
0.158267	13.9724	-3.29802	-5.53813	0.0937752	0.111785	0.826038	0.967163
0.367979	13.7025	0.0680323	-4.9941	0.0944478	0.111542	0.843529	0.965667
0.30888	13.468	0.0575578	-5.35266	0.0958519	0.111316	0.859698	0.9653
-0.0614598	13.263	-2.57297	-4.22591	0.0956377	0.11107	0.857752	0.963273
-0.181537	13.0391	-2.87037	-4.87587	0.0954273	0.110823	0.856288	0.961365
-0.0476757	12.8558	-0.593678	-4.18452	0.0969561	0.110586	0.862921	0.959515
-0.201575	12.6145	-1.3997	-4.65738	0.0980374	0.110341	0.863355	0.957364
-0.418796	12.4009	-2.67995	-4.36947	0.0982433	0.110111	0.861769	0.955349
-0.614814	12.1914	-3.70599	-5.02007	0.0980927	0.109917	0.865172	0.953567
-0.635258	11.9892	-2.26375	-4.81672	0.0983645	0.109805	0.86325	0.951507
-0.882647	11.7436	-3.60315	-5.06175	0.098149	0.109657	0.86643	0.949746
-1.1426	11.4915	-4.49776	-4.97016	0.0983785	0.109466	0.878381	0.947826
-1.23477	11.2304	-3.4845	-4.89219	0.0985181	0.109238	0.881098	0.945817
-1.39763	11.0207	-3.34287	-4.72021	0.0990519	0.109052	0.883088	0.943751
-1.4886	10.7804	-2.64631	-5.53116	0.0994814	0.108861	0.882035	0.943102
-1.54411	10.5084	-1.71196	-5.61702	0.0996072	0.108629	0.880359	0.942719
-1.62555	10.2319	-1.29981	-5.52384	0.0996374	0.108406	0.87963	0.941945
-1.61516	10.0614	-0.297726	-4.95623	0.0994235	0.108213	0.884488	0.93998
-1.61127	9.84611	0.264722	-4.82697	0.099444	0.108077	0.894234	0.93797
-1.68792	9.64427	-0.0617516	-4.70725	0.099559	0.10808	0.900431	0.936002
-1.86997	9.37976	-1.64484	-5.14553	0.099376	0.107994	0.898657	0.934238
-1.93959	9.03095	-1.58212	-5.95577	0.0992437	0.107775	0.896944	0.93506
-1.99597	8.81914	-1.39096	-5.29825	0.0992327	0.10755	0.895533	0.933538
-2.15379	8.55919	-2.11329	-5.43677	0.0990443	0.107326	0.893857	0.932324
-2.41181	8.25351	-3.91116	-5.87039	0.099233	0.107198	0.902307	0.932616
-2.30918	8.06261	-1.37319	-5.08868	0.099091	0.106982	0.900828	0.930778
-2.2937	7.8927	-0.511688	-4.85656	0.099418	0.106822	0.902611	0.928855
-2.51612	7.61335	-1.92245	-5.36339	0.0992269	0.106611	0.900813	0.927439
-2.79187	7.32016	-3.96281	-5.50977	0.0995678	0.106407	0.91008	0.926372
-2.85467	7.08856	-2.80444	-5.31004	0.0997553	0.106193	0.910774	0.924852
-2.84865	6.8772	-1.40359	-5.16833	0.0995944	0.105984	0.909158	0.923126
-2.77488	6.75271	-0.104603	-3.79124	0.0996601	0.106147	0.91314	0.92398
-2.74156	6.56577	0.473342	-3.76246	0.100563	0.106684	0.92186	0.924979
-2.83325	6.30766	-0.105084	-4.26674	0.101397	0.107122	0.925644	0.924017
-3.0698	6.00589	-2.66574	-4.80216	0.101312	0.107223	0.925754	0.922192
-3.1968	5.71881	-2.90632	-5.14673	0.101135	0.107154	0.926974	0.920475
-3.3022	5.42955	-2.72156	-5.70462	0.10094	0.106978	0.927305	0.920013
-3.44954	5.14109	-2.90043	-5.7329	0.10078	0.106767	0.928452	0.919658
-3.49534	4.90851	-1.88237	-5.50179	0.100582	0.10656	0.926677	0.918609
-3.66604	4.56429	-2.35604	-6.27398	0.100541	0.106483	0.92569	0.920821
-3.72882	4.32461	-1.95157	-5.2725	0.100428	0.106391	0.923977	0.919318
-3.91209	4.02249	-2.61505	-5.75171	0.100739	0.106525	0.923764	0.919085
-3.93539	3.8526	-1.40372	-4.94437	0.100726	0.106388	0.922237	0.917308
-3.93767	3.7082	-0.756583	-3.92585	0.100534	0.106209	0.922616	0.917467
-3.96154	3.60057	-0.426675	-3.09628	0.100396	0.106555	0.924695	0.922334
-4.07867	3.31757	-1.19285	-4.18242	0.100216	0.106679	0.923695	0.921546
-4.22998	2.99262	-2.36104	-5.37576	0.100047	0.106526	0.922534	0.920335
-4.38648	2.66037	-2.98325	-5.80012	0.100044	0.106346	0.92347	0.920443
-4.45007	2.41968	-1.96711	-5.45919	0.099948	0.106166	0.921742	0.919482
-4.56557	2.10701	-1.92186	-5.94502	0.0999194	0.106162	0.920004	0.920291
-4.61992	1.96805	-1.91644	-4.27346	0.0997815	0.105962	0.918273	0.919171
-4.79041	1.60872	-2.85724	-5.62919	0.0998924	0.106023	0.918291	0.918825
-4.89593	1.39086	-2.33434	-4.92707	0.100042	0.105998	0.91686	0.917145
-4.92758	1.25435	-2.04342	-3.64876	0.0999388	0.105801	0.91516	0.918033
-5.01142	1.10051	-1.91032	-3.23778	0.0998009	0.105743	0.913488	0.921031
-5.0584	0.888872	-1.86476	-3.44346	0.0996169	0.105778	0.911871	0.922742
-5.19338	0.409482	-1.90918	-6.69877	0.0994473	0.105866	0.910256	0.928738
-5.24555	0.178204	-1.83432	-5.79059	0.0992772	0.105932	0.908751	0.929326
-5.37134	-0.0786055	-1.90341	-5.54569	0.0990968	0.106096	0.907218	0.929056
-5.42358	-0.252401	-1.76661	-4.62913	0.0989901	0.106023	0.90593	0.927369
-5.54717	-0.292799	-2.24524	-3.37346	0.098857	0.106034	0.904288	0.92888
-5.69411	-0.454148	-2.67096	-3.35456	0.098683	0.106393	0.902976	0.930359
-5.80245	-0.701256	-3.02992	-3.98725	0.0985143	0.106655	0.902382	0.929424
-5.90424	-1.12591	-1.97512	-5.9066	0.0983624	0.10648	0.901047	0.931149
-5.97687	-1.49225	-1.88947	-7.11492	0.098312	0.106769	0.899945	0.941999
-6.15677	-1.60012	-2.504	-4.75512	0.0981474	0.10662	0.898351	0.940421
-6.2872	-1.83586	-3.14529	-4.99565	0.0979784	0.106491	0.897617	0.93922
-6.39687	-2.12807	-3.09387	-5.266	0.0978244	0.106574	0.896652	0.93876
-6.59693	-2.22933	-3.14332	-3.44291	0.0976803	0.106387	0.895697	0.938957
-6.74917	-2.42441	-3.42567	-3.47817	0.0975769	0.106207	0.895372	0.938907
-6.92851	-2.60109	-3.68357	-3.33606	0.0976161	0.106084	0.895784	0.93925
-6.95826	-3.01775	-2.01661	-5.10364	0.0974461	0.106207	0.895206	0.938716
-7.09426	-3.23602	-2.60246	-5.2548	0.0972768	0.106341	0.89371	0.93879
-7.20875	-3.356	-2.70051	-4.0047	0.0971192	0.10619	0.892195	0.937281
-7.34638	-3.68732	-2.6611	-5.16812	0.0969675	0.106448	0.890751	0.937333
-7.55916	-3.66528	-3.41191	-2.90631	0.0968255	0.106338	0.889657	0.938666
-7.69938	-3.86347	-3.80944	-3.4636	0.0966748	0.10625	0.889428	0.937869
-7.8206	-4.18331	-3.18279	-4.68798	0.0965097	0.106091	0.887946	0.93693
-7.96663	-4.43957	-3.04596	-5.09726	0.0963465	0.106044	0.886439	0.937374
-8.12257	-4.72436	-3.06126	-5.52836	0.0961843	0.106353	0.884952	0.940066
-8.26678	-4.94662	-2.67213	-4.91874	0.0960313	0.106802	0.884008	0.940204
-8.37304	-5.1434	-2.6123	-4.62738	0.095979	0.107252	0.883331	0.939604
-8.5662	-5.21658	-3.29834	-3.43883	0.0958626	0.107173	0.881848	0.938303
-8.76146	-5.43454	-3.75041	-3.76518	0.0957113	0.107175	0.880637	0.936733
-8.93861	-5.62198	-3.83066	-3.64723	0.0955562	0.107177	0.879466	0.93518
-9.07432	-5.81308	-3.65902	-3.73276	0.0954473	0.107202	0.878058	0.933635
-9.23948	-5.88206	-3.93581	-2.89348	0.0953612	0.107025	0.876889	0.932969
-9.4076	-5.90975	-3.96002	-1.83492	0.0953014	0.10719	0.875682	0.936535
-9.61765	-6.08427	-4.51206	-2.42612	0.0951821	0.107357	0.87561	0.936908
-9.65712	-6.45765	-2.49471	-4.1135	0.0956573	0.107222	0.876958	0.936256
-9.94814	-6.55968	-4.03575	-3.48738	0.0956327	0.10705	0.875656	0.934766
-10.1423	-6.78132	-4.1891	-3.93753	0.0955958	0.106902	0.874476	0.934035
-10.3345	-6.91762	-4.34425	-3.49523	0.0955608	0.106733	0.873458	0.932679
-10.5811	-7.17232	-4.70021	-4.20668	0.0954244	0.106756	0.873135	0.933235
-10.8308	-7.23655	-4.81872	-2.78175	0.0952763	0.106593	0.873007	0.931843
-11.0777	-7.47036	-5.11291	-3.50546	0.0951942	0.106597	0.873729	0.930856
-11.2676	-7.57971	-4.6548	-2.85785	0.0950861	0.106502	0.872913	0.929364
-11.3104	-7.76866	-3.42032	-3.2237	0.0951436	0.106541	0.872469	0.928191
-11.5106	-7.85905	-4.23479	-3.09706	0.0952323	0.106446	0.871082	0.926964
-11.6586	-7.91685	-4.03409	-2.38	0.0956366	0.106277	0.869775	0.925597
-11.8708	-8.0091	-4.49737	-2.17433	0.096043	0.106135	0.868478	0.924359
-12.0814	-8.08726	-4.66221	-1.88404	0.0964759	0.106085	0.867305	0.923446
-12.3504	-8.1661	-5.69658	-1.82799	0.0966329	0.10617	0.869091	0.922471
-12.5192	-8.2903	-5.06078	-2.20859	0.0970596	0.106222	0.868465	0.921029
-12.748	-8.3465	-4.87137	-1.66622	0.0974428	0.106512	0.867407	0.920018
-13.0553	-8.4993	-5.5331	-2.15451	0.0974488	0.106592	0.867957	0.918595
-13.3638	-8.55119	-5.73109	-1.41028	0.0973021	0.106892	0.869134	0.917703
-13.5262	-8.63242	-5.07637	-1.56943	0.0972611	0.107269	0.868227	0.916436
-13.7549	-8.6311	-5.04273	-0.86751	0.0972239	0.108277	0.867212	0.916393
-13.9184	-8.88477	-4.31565	-2.46124	0.0974422	0.10831	0.866074	0.916045
-14.1824	-8.97342	-5.02382	-2.49234	0.0975266	0.108317	0.864954	0.916092
-14.3912	-9.1505	-4.79998	-3.17593	0.0977206	0.108153	0.863645	0.919633
-14.5827	-9.2948	-4.16409	-3.11306	0.0981502	0.108048	0.862906	0.923401
-14.9849	-9.10435	-5.1268	-0.0926874	0.0980132	0.108389	0.861829	0.924149
-15.277	-9.18392	-5.80273	-0.295117	0.0978745	0.108624	0.862347	0.923878
-15.5093	-9.39954	-5.24572	-1.73775	0.0977314	0.108461	0.861384	0.923342
-15.7498	-9.45055	-4.77222	-1.373	0.0975887	0.108297	0.86009	0.922317
-15.9953	-9.54009	-4.98719	-1.618	0.0974491	0.108161	0.858837	0.922063
-16.2685	-9.5146	-5.20466	-0.624848	0.0973449	0.108004	0.857768	0.920685
-16.4984	-9.42747	-5.09898	0.467148	0.0972229	0.108097	0.856585	0.920994
-16.6905	-9.42805	-5.44668	0.192131	0.0970804	0.108288	0.855889	0.920258
-16.9997	-9.37851	-5.88305	0.654898	0.0969797	0.10884	0.856383	0.920411
-17.2332	-9.50785	-5.21564	-0.608754	0.0968642	0.108848	0.855314	0.919322
-17.4907	-9.53375	-5.30509	-0.780479	0.0967698	0.108804	0.85437	0.918761
-17.7639	-9.53341	-5.04719	-0.438231	0.0967393	0.108763	0.853165	0.917782
-18.0087	-9.46457	-5.10542	0.215391	0.0967125	0.108937	0.852012	0.916439
-18.257	-9.42464	-5.31107	0.569248	0.0966996	0.109242	0.851121	0.915226
-18.3647	-9.58437	-4.14109	-0.890364	0.0965861	0.109083	0.850726	0.916578
-18.5618	-9.61737	-4.66283	-1.17762	0.0965609	0.108955	0.849536	0.919867
-18.8663	-9.52652	-5.2654	-0.0190382	0.0964296	0.108799	0.848658	0.919244
-19.0792	-9.4812	-5.3984	0.320027	0.0963296	0.108649	0.848065	0.918241
-19.3749	-9.19279	-5.27322	2.81165	0.0961911	0.109456	0.847283	0.922659
-19.6407	-9.07797	-5.83098	2.8171	0.0960699	0.110779	0.848099	0.92636
-19.8839	-8.95496	-5.47726	2.76607	0.095957	0.112732	0.847892	0.929114
-20.1857	-8.71652	-5.99333	3.84917	0.0959943	0.11682	0.849626	0.938034
-20.1638	-9.37334	-1.67041	-0.399378	0.0961754	0.116889	0.863029	0.941516
-20.3622	-9.38671	-3.69598	-1.20409	0.0965101	0.117334	0.863126	0.951188
-20.6326	-9.1461	-3.80794	0.490412	0.0966486	0.117214	0.862805	0.951751
-20.8817	-9.10513	-4.57104	0.774646	0.0967027	0.117182	0.861593	0.951794
-21.0862	-8.91624	-4.39747	2.12234	0.0968266	0.117017	0.860384	0.950555
-21.3507	-8.82863	-5.12157	2.23802	0.0968094	0.116856	0.860028	0.94932
-21.5174	-8.83631	-4.47112	1.24071	0.0969666	0.116877	0.85885	0.949061
-21.7253	-8.66808	-4.14048	2.01242	0.0971555	0.116761	0.857683	0.94779
-21.9226	-8.5544	-4.14144	2.23153	0.0974123	0.116646	0.856497	0.946481
-22.1467	-8.41172	-5.02356	2.6238	0.0976007	0.116502	0.856533	0.94522
-22.4163	-8.2957	-5.24993	2.50509	0.0975734	0.116368	0.857538	0.943912
-22.6084	-8.18492	-4.42986	2.34214	0.0975735	0.116259	0.856632	0.942747
-22.9189	-7.73268	-4.37674	5.39225	0.0974418	0.11684	0.855759	0.951542
-23.1412	-7.55206	-4.43573	4.93492	0.0973318	0.117668	0.855112	0.956416
-23.3293	-7.45273	-3.66504	4.2122	0.0972189	0.118198	0.853962	0.957326
-23.547	-7.21043	-4.72436	4.52626	0.0971528	0.119331	0.85448	0.95905
-23.6265	-7.29749	-3.44883	2.05307	0.097037	0.119265	0.853358	0.959508
-23.8072	-7.16717	-3.56989	1.93418	0.0969195	0.119147	0.852201	0.960709
-23.9365	-7.19948	-3.38252	0.865587	0.0968703	0.119196	0.85105	0.968148
-24.0826	-7.10582	-2.95541	0.779381	0.0968784	0.119548	0.850131	0.976768
-24.2918	-6.63845	-2.04251	3.62297	0.0967901	0.119458	0.851265	0.97546
-24.4552	-6.56962	-3.03098	2.93064	0.0966966	0.119308	0.850139	0.97482
-24.4922	-6.49361	-2.16961	2.05666	0.0969625	0.119363	0.850199	0.977285
-24.6246	-6.34904	-2.74362	2.54505	0.0973101	0.119572	0.849122	0.978117
-24.8993	-5.97768	-2.89668	4.61924	0.0972228	0.119412	0.847995	0.977568
-25.0368	-5.76056	-3.31858	4.67301	0.0971384	0.119258	0.847419	0.976977
-25.1682	-5.60629	-3.00601	4.01743	0.0970576	0.119107	0.846533	0.97568
-25.3252	-5.40021	-3.0373	4.1114	0.0969416	0.118955	0.845857	0.974389
-25.4921	-5.10856	-3.09593	4.81008	0.0968164	0.118841	0.845516	0.97367
-25.6031	-4.98417	-2.88476	3.83267	0.0966899	0.11869	0.844979	0.972599
-25.7055	-4.87745	-2.64976	3.11611	0.0965629	0.118718	0.844243	0.97318
-25.8184	-4.7142	-2.44945	3.01071	0.0964373	0.118926	0.843396	0.974309
-25.9565	-4.33998	-2.25266	4.67176	0.096341	0.118778	0.842464	0.973133
-26.0923	-4.10846	-1.97097	4.88545	0.0963242	0.118626	0.841411	0.972114
-26.1744	-3.72553	-1.53198	6.12643	0.0962957	0.118696	0.840351	0.974368
-26.2662	-3.46284	-1.48849	5.8444	0.096294	0.118893	0.839269	0.975337
-26.2569	-3.26338	-0.948098	5.03945	0.0961713	0.118986	0.838545	0.974343
-26.3088	-3.01275	-1.00455	5.03923	0.0960477	0.119147	0.837604	0.973309
-26.3092	-2.87065	-0.732322	4.16133	0.0959839	0.119064	0.836837	0.972393
-26.3564	-2.70766	-0.824736	3.81867	0.095937	0.118912	0.835845	0.972163
-26.4254	-2.66782	-0.760293	2.74839	0.0958563	0.119133	0.834819	0.976054
-26.4728	-2.48744	-0.839877	3.07695	0.0957698	0.119612	0.833756	0.978468
-26.5388	-2.20259	-0.920376	4.06263	0.0956548	0.119868	0.832787	0.977879
-26.5667	-1.96672	-0.90811	4.43157	0.0955419	0.120137	0.83193	0.976806
-26.5839	-1.58134	-0.737175	5.72853	0.0954347	0.120015	0.831032	0.976671
-26.5868	-1.34374	-0.167843	5.30753	0.0953434	0.119897	0.830005	0.975746
-26.5861	-1.12997	0.0952905	4.91652	0.0952693	0.119821	0.829059	0.974527
-26.6159	-0.955406	0.0278012	4.26454	0.0951649	0.119909	0.828023	0.973718
-26.6406	-0.62397	0.0196577	5.19623	0.0950464	0.119798	0.826993	0.972666
-26.6352	-0.356117	0.600039	5.34014	0.0949279	0.119661	0.826176	0.97178
-26.5706	0.0320159	1.19644	6.2585	0.0948504	0.119641	0.826235	0.97319
-26.5528	0.302185	0.920099	5.73802	0.0947695	0.119698	0.825508	0.973054
-26.5329	0.5792	1.0215	5.66414	0.0946799	0.119874	0.824752	0.972776
-26.5112	0.838849	0.869988	5.41569	0.0945786	0.120125	0.823764	0.972059
-26.5197	1.06939	0.799294	5.09074	0.0944639	0.120338	0.822749	0.970981
-26.4639	1.40163	0.815064	5.82008	0.0943476	0.120999	0.821771	0.97121
-26.4302	1.47667	0.71478	4.1725	0.0942369	0.120995	0.820972	0.970421
-26.3954	1.54108	0.796937	2.96094	0.0941452	0.120875	0.820221	0.973099
-26.352	1.77151	1.04613	3.53993	0.0940816	0.12076	0.819339	0.973552
-26.292	1.94981	1.44003	3.65194	0.0940346	0.120739	0.818339	0.973618
-26.2307	2.1717	1.68418	3.83764	0.0940167	0.120741	0.817364	0.973196
-26.1669	2.35104	1.46432	3.45965	0.0940413	0.120893	0.81644	0.973586
-26.091	2.74896	1.36849	5.16287	0.0940962	0.120747	0.815719	0.972885
-26.0035	2.94153	2.28551	4.5638	0.0941657	0.120614	0.814948	0.971714
-25.8416	3.36204	3.26492	5.85811	0.0940917	0.120726	0.816271	0.972972
-25.7551	3.60846	2.44837	5.14019	0.0940458	0.120923	0.815444	0.972457
-25.6726	3.68709	2.3635	3.71522	0.0940577	0.120798	0.814492	0.971809
-25.5657	3.82385	2.37582	3.19344	0.0940885	0.120666	0.813519	0.972192
-25.5247	3.96977	2.26382	2.80744	0.0944073	0.120628	0.812593	0.973625
-25.4137	4.09011	2.45185	2.57176	0.0947881	0.12086	0.811637	0.975732
-25.2167	4.48	2.77141	4.5946	0.0948888	0.120718	0.810698	0.974813
-25.0414	4.68287	2.9471	4.47744	0.0948765	0.120578	0.8098	0.973838
-24.9449	4.87636	2.75761	4.15426	0.0949823	0.120442	0.808851	0.972704
-24.7769	5.08105	3.15998	4.20501	0.0950156	0.120305	0.807976	0.971622
-24.5988	5.35819	3.41948	4.68273	0.0949806	0.120196	0.807259	0.971205
-24.4235	5.55706	3.8452	4.35164	0.0949085	0.120095	0.807103	0.970376
-24.2411	5.67224	3.86189	3.4541	0.0948096	0.119955	0.806804	0.969366
-24.1004	5.76267	3.59627	2.57476	0.094733	0.11993	0.806006	0.96979
-23.9241	5.93486	3.86909	2.58799	0.0946446	0.119931	0.805438	0.969998
-23.769	6.0878	3.08623	2.34234	0.0945748	0.120002	0.804685	0.970688
-23.6326	6.27086	3.14294	2.70738	0.0945756	0.120057	0.803957	0.970319
-23.4919	6.40283	3.56489	2.73396	0.0946799	0.120239	0.803028	0.969778
-23.2091	6.83304	3.87318	5.36607	0.0945822	0.120159	0.802158	0.973441
-22.9959	6.96398	4.21347	4.21524	0.0944733	0.120037	0.801551	0.973338
-22.7918	7.12263	4.04727	3.91522	0.0943665	0.119914	0.800707	0.972799
-22.5643	7.30559	4.6047	3.82917	0.0942855	0.119814	0.800539	0.972243
-22.4349	7.33969	4.0558	2.38505	0.0941818	0.119709	0.79964	0.971676
-22.2025	7.49257	4.82534	2.44936	0.0940769	0.119603	0.799677	0.970911
-22.0286	7.6398	4.68914	2.26282	0.0939718	0.119498	0.79931	0.970306
-21.8214	7.86417	4.30602	2.98665	0.0938664	0.119367	0.798445	0.969227
-21.6493	7.95822	4.25152	2.42545	0.0937863	0.119236	0.797546	0.968263
-21.4708	8.0563	4.37763	2.12513	0.093755	0.119136	0.796669	0.96754
-21.2764	7.95421	3.93284	0.526256	0.093764	0.119826	0.795955	0.971525
-21.0893	8.0602	3.44961	0.673681	0.0938504	0.12064	0.796193	0.974458
-20.9145	8.35978	3.12882	2.2502	0.0940909	0.120696	0.797557	0.973415
-20.6561	8.44952	5.26473	1.91693	0.0941944	0.120846	0.797617	0.97258
-20.3142	8.68981	6.09445	3.06113	0.0940912	0.120736	0.800349	0.972134
-20.0755	8.87953	5.1416	3.40386	0.0939861	0.120606	0.799979	0.972606
-19.9585	8.8773	4.25563	2.01081	0.0940262	0.120544	0.799225	0.97155
-19.7663	8.96464	4.30022	1.8531	0.0941795	0.120517	0.79847	0.970535
-19.567	9.01797	4.30371	1.43693	0.0944547	0.12061	0.797748	0.969846
-19.2846	9.19581	5.11566	2.33791	0.0945494	0.120533	0.797125	0.968947
-18.9666	9.28827	5.67867	1.96453	0.0944711	0.12046	0.797526	0.967886
-18.7576	9.36189	5.16081	1.60036	0.0944324	0.120418	0.796881	0.966867
-18.4876	9.48803	5.44761	1.76006	0.0943501	0.120321	0.796619	0.965805
-18.2282	9.48836	5.42002	0.900107	0.0942529	0.120385	0.796259	0.96541
-17.8552	9.71649	6.33453	2.2587	0.0942868	0.120253	0.798464	0.96485
-17.5391	9.88378	6.01563	2.98939	0.0945684	0.120194	0.799407	0.966207
-17.335	9.91704	5.38033	2.05581	0.0946999	0.120084	0.798865	0.96555
-17.0648	10.0296	5.90945	2.0256	0.0949208	0.120024	0.79935	0.964943
-16.8275	10.1226	5.66541	1.68533	0.0951073	0.120011	0.799209	0.964035
-16.561	10.1985	5.68593	1.46162	0.0953671	0.12002	0.799067	0.963032
-16.3772	10.2472	5.1321	0.858561	0.0954119	0.120001	0.798237	0.962129
-16.1177	10.3209	5.43911	0.851498	0.0954847	0.120014	0.797645	0.961191
-15.9681	10.2192	4.54654	-0.539691	0.0953886	0.119894	0.797077	0.963125
-15.7621	10.217	4.25101	-0.71474	0.0952909	0.119833	0.797032	0.965486
-15.5696	10.1906	4.1772	-1.05232	0.0952602	0.119944	0.797182	0.969004
-15.2493	10.2319	5.1682	-0.398343	0.0951599	0.120073	0.796347	0.969884
-14.9437	10.4165	5.30451	1.511	0.0950771	0.119952	0.795572	0.969307
-14.7068	10.3832	5.12421	0.825928	0.0949824	0.119923	0.794728	0.968275
-14.4958	10.3372	4.67366	0.346613	0.0948856	0.120116	0.794118	0.967437
-14.2012	10.389	5.61251	0.581423	0.0947898	0.120261	0.793623	0.96643
-13.7633	10.7783	5.76873	4.35715	0.0951493	0.120416	0.793358	0.980221
-13.4751	10.8333	6.38147	2.50195	0.0956633	0.120647	0.79463	0.983001
-13.3623	10.7659	4.20808	1.71019	0.0956562	0.120617	0.794919	0.98335
-12.9972	10.9027	6.78731	1.69125	0.0959975	0.12089	0.797676	0.983756
-12.8077	10.9273	5.90732	0.555857	0.0960906	0.121158	0.797605	0.982729
-12.5077	11.004	5.65482	0.61635	0.0963268	0.121645	0.797104	0.981731
-12.4159	10.7621	3.81934	-1.4915	0.0962272	0.121518	0.798612	0.984547
-12.2237	10.714	3.34376	-1.7525	0.0961605	0.121427	0.802084	0.988294
-11.9308	10.8733	3.79503	-0.463329	0.0960652	0.121351	0.803686	0.987943
-11.6574	10.8607	4.81165	-0.431887	0.0959659	0.121246	0.803019	0.987487
-11.429	10.905	4.89679	-0.116996	0.0958804	0.121173	0.802287	0.986624
-11.2086	10.7889	5.21925	-1.69411	0.095841	0.121069	0.80146	0.989528
-10.7721	10.8002	6.84346	-1.04464	0.0958567	0.120966	0.804182	0.990159
-10.4947	10.8059	5.85983	-0.406977	0.0959163	0.120868	0.803938	0.989507
-10.3096	10.7948	5.18687	-0.637048	0.0958417	0.120791	0.803112	0.989155
-10.0372	10.8562	5.09683	0.207899	0.0957825	0.120671	0.8023	0.988146
-9.76588	11.0014	5.27272	1.34791	0.0957402	0.120665	0.801488	0.9887
-9.62998	10.8811	4.40195	-0.34596	0.0956707	0.120542	0.801466	0.987895
-9.31244	10.9528	5.30653	-0.205473	0.0955737	0.120449	0.800666	0.986973
-9.10202	10.9003	4.77966	-0.571099	0.0954961	0.120327	0.800071	0.986386
-8.78098	10.974	5.4104	0.00486498	0.0954028	0.120251	0.799317	0.985387
-8.62225	10.8624	4.32402	-0.947133	0.0953788	0.120143	0.799475	0.985386
-8.58732	10.7283	2.72859	-1.44681	0.0962807	0.12028	0.806344	0.986616
-8.36273	10.7072	3.25723	-1.53787	0.0974088	0.120487	0.810236	0.988094
-7.79066	10.9012	4.62562	1.77401	0.0973206	0.120366	0.809829	0.990263
-7.55494	10.8436	5.29208	-0.00254507	0.0972542	0.120277	0.809026	0.989268
-7.20593	10.8532	6.1221	0.0169847	0.0971685	0.12018	0.809269	0.988276
